Kmax = 2;
f0 = 3.3/10;